%YAML:1.0
R: !!opencv-matrix
   rows: 3
   cols: 3
   dt: d
   data: [ 9.9653024226232356e-01, -1.0652892902861677e-02,
       -8.2546908660439081e-02, 8.4507189295132661e-03,
       9.9960021286828082e-01, -2.6981471110041583e-02,
       8.2801338190690368e-02, 2.6190271218294054e-02,
       9.9622186689880643e-01 ]
T: !!opencv-matrix
   rows: 3
   cols: 1
   dt: d
   data: [ 1.1283391353380365e+01, 5.1778833962696336e-01,
       8.7988256491278456e+00 ]
R1: !!opencv-matrix
   rows: 3
   cols: 3
   dt: d
   data: [ 8.3651709329015789e-01, 4.3848892334600841e-02,
       5.4618351062112258e-01, -3.6290260582190072e-02,
       9.9903787234395391e-01, -2.4624106264848851e-02,
       -5.4673775214472065e-01, 7.7734387140342143e-04,
       8.3730354478901114e-01 ]
R2: !!opencv-matrix
   rows: 3
   cols: 3
   dt: d
   data: [ 7.8806170371598716e-01, 3.6163698334229111e-02,
       6.1453310574699427e-01, -4.4774341779026082e-02,
       9.9899618567822734e-01, -1.3708824193413086e-03,
       -6.1396580479250673e-01, -2.6434975376261882e-02,
       7.8888984188056699e-01 ]
P1: !!opencv-matrix
   rows: 3
   cols: 4
   dt: d
   data: [ -7.6419791500083084e+03, 0., 4.4083570480346680e+02, 0., 0.,
       -7.6419791500083084e+03, 2.1788996307365596e+02, 0., 0., 0., 1.,
       0. ]
P2: !!opencv-matrix
   rows: 3
   cols: 4
   dt: d
   data: [ -7.6419791500083084e+03, 0., 4.4083570480346680e+02,
       -1.0941711931606899e+05, 0., -7.6419791500083084e+03,
       2.1788996307365596e+02, 0., 0., 0., 1., 0. ]
Q: !!opencv-matrix
   rows: 4
   cols: 4
   dt: d
   data: [ 1., 0., 0., -4.4083570480346680e+02, 0., 1., 0.,
       -2.1788996307365596e+02, 0., 0., 0., -7.6419791500083084e+03, 0.,
       0., -6.9842627897497650e-02, 0. ]
