%YAML:1.0
M1: !!opencv-matrix
   rows: 3
   cols: 3
   dt: d
   data: [ 5.2767679421142691e+02, 0., 3.2528530162941672e+02, 0.,
       4.9811425434386740e+02, 2.4214345289811598e+02, 0., 0., 1. ]
D1: !!opencv-matrix
   rows: 1
   cols: 12
   dt: d
   data: [ -1.9925207769735889e-01, -5.4625490786018649e-01, 0., 0., 0.,
       0., 0., -4.3346352453108219e+00, 0., 0., 0., 0. ]
M2: !!opencv-matrix
   rows: 3
   cols: 3
   dt: d
   data: [ 5.2767679421142691e+02, 0., 2.9993158107385557e+02, 0.,
       4.9811425434386740e+02, 2.5107808326501313e+02, 0., 0., 1. ]
D2: !!opencv-matrix
   rows: 1
   cols: 12
   dt: d
   data: [ 1.4805451782983421e+00, 3.4541002066584188e+00, 0., 0., 0.,
       0., 0., 2.3357455442383298e+01, 0., 0., 0., 0. ]
